302.269961376401
-646.008009166409
26.5163509930178
121.098910945617
-2145.67769812796
-207.730578426753
-692.764394504789
1968.16635376360
1046.73604375561
-164.917323588464
-579.361496127527
-216.677582230711
240.661371067060
1021.82994913750
-89.5938420881018
839.970728292403
-296.605441402479
1155.81516398011
-444.415452306876
-1108.48672730296
1141.69066862362
934.046788601667
-519.621469600234
-588.639350471562
1382.49714969831
-303.167337175282
196.637682381145
1160.08380999671
34.2811026350849
-953.811990710766
-271.707692545602
1159.22409988560
-702.294811011318
1142.70069998846
-156.545343331341
-966.840617891577
-891.023524289971
911.179178073377
334.108394983512
272.568558514984
-1480.47206893568
1196.30354275830
-129.207639421827
418.047254865230
1344.51587664139
-1161.77229268591
430.693895079939
-1327.13378535433
-1920.69429430484
1292.29029245111
78.8808328034175
433.490576901933
-1002.75676286905
356.451461994393
-786.008934451168
486.361101287935
-861.107469265921
377.540993145911
2725.02847245556
834.887374324573
-466.279632962081
-232.254802064854
-1514.33380686565
112.244919020543
1060.69250066229
1159.82669414444
-632.510485950048
370.666572516840
309.512298531957
59.2561524647909
-702.259593554627
-720.808131796265
7.65672757549982
-415.390894703065
-424.399689330351
535.452234648380
717.887399772321
-52.0489066240696
314.148824475281
1251.79017049046
-580.582430795290
374.321142717167
504.568672120895
-240.679331798632
-231.433997708626
-15.7258620618792
-751.632206663911
1476.59836560214
9.14568224579211
-760.353492131326
-318.773018051208
1461.92138574294
-1780.71366425774
525.936579013572
855.766222741108
749.600735914990
-1368.42803438258
1796.39596579544
-300.520587440264
294.333979542527
-614.695546215947
-44.1134325331856
-1367.16619137161
-360.655951664460
-798.919361583881
-268.587383456229
344.848326090315
64.8761154672932
956.416482718639
112.213239662710
-2721.94686143903
-487.388785273610
1122.85969958561
1054.79371060533
1989.49507563835
-736.751388227682
1344.92752468692
175.783380111078
712.209538380377
321.998455202866
437.387820582702
232.257287977325
-434.489174222652
-2372.34352755857
-1233.60872757084
-1540.43163466439
-473.385918496002
-2458.27441362888
354.776283585566
976.971984942246
-1485.69916818916
-114.473459132045
-504.089747541797
-468.616138744634
806.740981818804
-219.434096864044
-566.630321944401
-1095.21794722607
110.946864610966
299.042728309934
112.379675632950
359.326418504934
738.465625976116
1034.18725780653
-583.038958425239
94.1143189128902
463.249177452334
59.5296097024864
349.479921574714
-1016.12873328727
630.602710421922
-477.669451777871
-172.867433409020
1954.72288448729
-75.6895778731869
311.133259725799
-2466.63459340051
894.354543992799
1610.80645883808
-1149.02888445676
-216.756566269495
-735.178315508555
-1999.50360620388
-1351.45074933957
-37.1457465713592
28.0117276303221
698.086177721792
-335.366778807798
-326.049853538332
1561.77663478625
-722.308536140384
-801.174293041702
512.830028744491
565.990848410109
-26.5228018844116
25.4004003558799
-674.074474706958
1231.56932142888
214.955142132242
760.091384673748
1129.11076098258
717.410403218709
-2065.34547966738
1086.04338708361
-531.041821547011
105.582766838350
177.961632193347
-1704.29260924769
1526.59765243456
317.070521660839
706.849934359492
-131.745553940952
529.659373170363
-25.4024571344779
-263.278501102345
1071.79400739463
-57.6547591679309
-1085.00419403048
576.178687692898
-764.001333397356
-606.695864276256
-542.411227171012
1123.88736240287
149.413137409629
-1101.91673142815
-317.292587096736
602.022251280917
-170.363061684824
-478.028570432717
-2134.34055693978
-1187.09711648535
-5.00630585710126
-1800.35085867744
-470.077475459284
-505.150780195296
-677.262256585180
-933.057092963259
851.806744388973
-1684.06107393595
734.219752224978
-288.927287936069
-262.908206885408
639.654842544876
500.418547520667
3131.10056970261
-1390.11855899004
797.368966259513
1104.10397054969
692.794863270937
215.319395587019
631.950909066172
-2773.02159576491
800.041394233053
384.076569068732
946.949332876825
-324.809097980988
72.7309185540014
-71.4886854898545
-1463.85786059647
1633.42649432215
-2040.81571436725
52.3946565260554
-739.965227103821
750.204978746651
83.4322539999296
-2162.75504773866
1386.05112372380
-744.889417769516
-1434.43257581747
-763.543661165562
613.310464477469
-343.602570242309
-2776.50956600417
1455.65390868595
-327.803828466165
1000.30566606589
1093.48627660105
470.762742201351
105.798193261548
1438.69029772049
-1425.75239154031
-648.320034279698
-1277.05622263590
-462.078252851171
-1475.52890249382
1331.72191983764
180.247820441034
546.015726907593
610.836399334627
1695.28448160149
-648.986439140895
-1379.44970671608
-1107.04922021593
558.565574505077
182.510566454073
289.251522922321
233.093485073163
-288.120803868353
-1710.83406394470
208.401893441725
1613.96584241598
-1174.89756469755
1020.40423687737
1387.08917757740
-831.142040588386
-16.8933688415861
271.953252365763
1109.22185970314
1105.09154597607
138.293359291968
145.829285179252
-533.190433100620
199.622713450855
-1758.34559432268
535.884153879795
2313.73980705676
1135.78577421561
-1481.26145758281
1309.20662932425
-1654.28403400034
1278.02241425427
65.4840963026774
-1481.77586701402
-1088.78826686215
209.944476149026
970.986420836030
-762.854343026357
-1116.47471916648
-656.739723218928
748.343570403612
904.307368809024
88.1421181238081
1460.75595033929
-109.713555667903
635.856839280731
-936.418853950676
291.150297067789
244.303804632418
-446.842414540088
-349.613235658536
671.273956271755
915.543176461679
-1160.47300091964
-529.187268508706
1386.44340193356
615.737713632428
2038.35837324449
-342.236189271147
-166.567444672394
-194.233496836919
-149.026900630146
1162.51478785445
1045.94948174677
4100.41929603609
1355.74483365943
-2108.54254583144
-654.135485906544
280.396987280117
-697.957500360070
-317.300042976395
-80.4555515273089
-435.464017942110
-1801.62778066985
33.8591085755201
-973.466167659458
310.758258838793
-2500.13936356148
153.741831085624
-164.205638577391
373.993874991273
-522.942227283934
-1082.51005322396
-153.453928275709
237.171482884470
-883.344752357443
-1085.01169433024
-431.742833565161
-1693.40250511083
-1819.24901798726
-1875.95921730551
330.419766075142
182.781387527651
69.0536440735105
3238.85103123942
460.535215714516
645.728051446350
-180.432378364859
-1612.98457300808
1319.21364904007
1174.89578546205
461.870206042714
-2027.37634492703
696.652213805191
346.354385677566
2142.82022785847
73.2328401525334
-681.862866380666
-928.502350909327
-294.093916269974
-428.049743519304
1087.51684871000
2272.60430420846
-1216.54861242083
-180.312118615008
-203.140122570998
-1777.27463746140
185.144906307412
-494.779822259520
-601.528128181453
1191.55118399078
669.151108436435
-717.548151003545
877.241323548390
-359.943458060087
-609.572719932186
-6.06724860157335
-1005.55286225495
-395.556499027746
-507.187040653659
-273.362015424694
-111.302921794415
1983.24422890526
781.100019888547
-481.472944603228
950.551706816385
833.004488924399
963.171162774821
59.0204619431718
-1333.65371342333
629.983846539244
373.901868098851
-987.765307807750
1881.61883143902
-337.125098135343
844.112843379675
-1006.81790071816
1416.53210599218
-260.473998011431
-521.590892566031
860.030129578633
-224.978665962409
1712.10412921883
1844.49709850403
130.509353829954
2489.32938519204
-588.563572340098
-828.028367797382
-1267.07425527289
-1231.87830358728
430.724805462869
-403.234821572076
769.797419569750
314.736254247401
-623.579895590177
-436.129485222695
-847.512455575499
218.801737343748
-229.967254679096
836.170930387477
-3019.60362914250
1838.16965440804
-1115.27526044976
837.147154888911
-1848.51171616905
669.059426508887
-1198.66341568599
2349.40040915698
45.0431844779091
108.396846261528
-786.108041680169
-373.511467852478
41.8137656959721
32.3608255977846
-164.866306189944
-1325.02337155227
-1161.83155076024
440.533636613017
436.487462939098
-834.873066058800
1737.98828886850
32.6206416259919
1471.93625342204
-688.696873124441
1610.63987009700
265.903449271277
662.444359594493
-1267.53920311675
92.7096270348142
1888.58882566281
32.1103278121326
89.9114733387824
949.326600894734
712.835897041711
-79.3921590176873
307.289439604587
747.660567316990
14.0987861153257
-1012.62757248673
1147.19549668870
235.486035742172
77.0572476083669
1144.99642450964
-1778.17862631476
1217.05101786684
178.458597392804
512.869213132271
962.266022648274
-1586.15565030400
1934.75813365334
-127.050031847205
-2264.42340301785
-1634.03117444362
1280.18064518916
187.529524069647
-46.5285508981681
318.670923693762
-968.692470600997
372.324269889475
-502.875653213143
268.795104346543
1607.70098307617
638.619768861684
1411.25878791422
1185.36184653512
107.360684642044
-163.635999723896
717.918281850345
-1160.93980443647
-122.933164633643
548.528580775524
563.633146603322
-601.643633323786
234.657160799841
14.3393094879200
-1149.89592452556
-910.208877727389
-427.055131676671
1074.90902161822
731.599163559589
1330.86961657305
887.055476074916
342.609248883934
38.1632248167499
212.270312305290
1313.49474267139
274.942778490008
1030.38289559819
-27.4964192932699
-2084.55735626293
-309.861000150390
139.097662812245
-658.904116477069
-40.6637698735269
-1498.19374188103
-667.313778342227
-794.432551097301
-222.266797922459
466.041688567955
572.298101436700
1052.48379854531
1014.32780114980
-429.877812770281
1540.45626969126
99.0179471889900
-982.716110920059
-937.429093596796
-950.462850014987
-1280.94317916194
1301.37034453019
-257.360941324400
1017.90372869375
-508.134465752246
1433.97845445807
352.521540752074
-939.266798784507
803.071009739204
609.013303579395
-1554.31293906934
-1390.62438722263
143.733919366411
-697.138925811487
-515.529868662689
769.035229762279
303.408104957758
1057.56836812155
300.573678638822
1463.46681653363
-347.473718344741
145.938338437167
-59.1597395672442
137.373584728287
-1087.11158003195
699.956465428385
-634.314129177387
-1007.20449567197
2567.35590046533
-1032.17137137133
-2291.88566674961
-287.419331602891
-874.221551002690
1812.74292336017
512.325543433529
280.041734878757
-400.718972301680
-54.3175545006323
-1805.37011987437
-653.689221293900
1104.69444275636
-1196.44297854403
-773.702171061921
514.980006437717
321.659240350861
787.296783411529
934.043430370342
-325.843718683607
2376.61981249926
-133.383324650216
889.475517978528
-131.552473943311
262.727140835198
-1450.04838961487
375.291559255297
-292.649655940645
-1473.87091943424
281.863045167309
-2312.99449817625
387.575876790027
1019.88129476724
-615.135222878316
431.437267215365
320.553207726822
-664.280161220679
89.0376498679832
-1182.52583497213
689.865374308293
979.139300602286
-26.6041942272055
-526.528215603388
1989.97970612147
-1725.53611183360
1439.43793637988
891.201702135092
1129.19988677874
1311.79520428721
-2509.22289190241
472.607535482610
40.8963209607513
40.3614976905139
-722.584413495514
-1620.32903609323
-964.493784186521
374.361973026923
61.5343214245857
590.982638313512
783.526076006549
-1109.33029044136
-13.2931472579318
506.443251977405
-824.464056724068
1462.60169634020
879.931650474508
-377.156292238427
93.5495823513007
622.190326518564
-653.170790318692
-1884.75952698639
430.725677209138
71.7684811877028
-1209.37707975286
1365.56280126573
525.184168151639
-49.8529403526235
570.576204153544
99.6912108290565
-609.587791091892
-1712.74290129903
-427.863537573854
347.935527677992
-984.283638850719
-1016.95802627594
1353.68689356710
682.366901518289
722.558807941059
-2148.13593589486
-550.575874738237
1213.65169821863
339.466208963756
-2044.33868535050
887.804483672038
89.4770003907616
1052.67211904970
-1746.42816864607
905.795318672813
-426.976859095589
442.957131876430
-1996.38183906154
529.932513054007
-2387.04966506351
318.233121105982
5.33602743012247
63.3138982522367
860.608282186030
-402.571851638486
-410.548484766330
194.459714314801
1393.52280655322
-468.406957722938
-713.200810255786
-1445.51807644369
1596.78831223225
715.900319475468
418.081080979502
1438.87416158396
225.927408696058
-685.978566775177
-373.031568307472
666.370742152462
1962.77867030638
706.086487901968
-262.488000249005
-7.75459399430164
422.052427700346
-291.681638983390
-1548.21690304102
-744.602907793676
-702.612005435354
-1079.24278694629
-528.125954241765
55.1986837457374
-972.164574807243
-300.450562677767
871.491371067342
499.405259054652
444.654313198571
-157.716240247259
498.493228373038
-709.667351349322
-128.028470595492
-2281.10687630442
315.769058994625
-2008.14825126855
-755.651465871527
1307.29512306518
1669.01803955833
1560.68535753372
-1093.28486912210
-765.975467379846
-140.561656563991
39.4815633078639
-100.122833474128
773.811400942325
8.65793651827611
1033.89476705406
372.393613946280
268.344217360566
-474.575740755959
452.918090365834
891.765105441271
1357.43207900734
568.242365078527
-1561.32371758054
1847.21223223141
-558.924702194194
701.781415410372
-2843.91403457597
2460.12714539575
-1169.73035488452
-707.207417879396
-341.148827277159
302.553514102515
-1062.62921063003
986.695279634769
-2029.81699513428
-31.5322683663036
101.993636175220
-312.409086424683
-1823.42975212762
322.665954299175
-959.462765207320
652.393098229306
-241.367649280774
809.865751791211
712.339870866938
255.579678038681
239.256844233289
-248.879246646026
693.927107077391
-903.298598465197
-147.702316907048
-121.080186249351
-432.022590737290
-416.168450439466
-560.631648326507
534.485337280278
1451.97042003344
1104.44090603820
-1317.76548612889
126.856887518384
389.440071075198
-865.436288713576
-163.886054545034
672.210547570250
-973.041190999442
-36.5082816079998
912.898146717730
-103.784948347991
1054.61033701365
459.139097315620
-678.382481086688
1470.93402442476
184.455828506158
-1388.68041464728
-790.201283564661
-1021.83671774219
-2322.16780402550
-116.818161787687
218.486676319377
487.939727964484
462.435543961160
445.716503618589
-773.818164435956
-1111.76309844685
322.891742976497
-659.684929615267
118.449513327398
-585.003027435684
-243.473494974171
1059.20444693999
-616.175747024559
-2541.73680122946
-393.767478093257
173.467807257258
1110.17189090246
-330.038367798345
-19.5338899548606
517.504799220848
610.489934985956
1088.36893470332
-890.953435841383
542.647807605780
-586.741172458977
98.3834443160880
1297.26903166440
-511.858739871920
1526.77166243765
-48.1997888585034
-583.982477528006
678.355880102595
-1008.99444039074
-461.056277366262
-352.809945660724
-879.513699889860
624.389702474233
969.178662231138
-665.279301961964
776.266333957858
-1032.94014859237
548.943863581156
-864.090214490113
-869.330759671949
1034.76661583684
-415.176107122205
-1179.56287587757
40.3373892337878
-1004.00115220018
-1851.04798248927
-330.568482255766
-1747.98027894485
-166.167552223575
-2402.59668618016
-776.075093447886
-360.168746978932
-346.343064566897
74.4758987333429
-1213.35890629037
133.305644210322
165.972947334265
-716.787081839785
3572.87037429841
1178.44757150749
917.427993426712
6.17854201197868
-1871.32662140768
-866.318935031237
-608.820782814227
244.748617043340
-815.719860087813
212.598627028930
799.007956393936
-329.123539099774
-1280.78440054652
142.466671868676
367.287142919431
-1428.40624373549
1194.06965918386
-49.0252955381857
-705.068987281901
-467.482682663601
911.553326716746
-7.73205572540865
-135.644979593551
-674.969680923889
294.634080410252
-1041.83598794778
195.361181458762
3400.41423026952
-80.9307774002481
-630.973843008866
796.134978626071
-735.299382912715
-629.953002402291
-255.257587503484
-138.120873456302
210.875412668182
490.038849252343
93.4222587158363
-914.434830917078
-343.102024809409
-294.417131846023
-309.741015771699
1373.28539362161
2373.24404202031
-616.505027224897
64.0054781084699
423.849715833806
1329.80310412326
179.487527742007
-156.413280200519
435.124945244939
-1341.54508974600
236.573449809284
-426.714123332479
-1706.40525978465
-623.811608001181
-304.134204624883
-110.098056089147
-632.367417888425
666.292038933677
151.403727673635
-1277.23947160204
-1365.80472935761
826.407791594804
627.163943289788
-807.308356312694
-1007.41415863175
-264.702207143211
-135.348421335726
54.6824588311322
1491.45262849933
1420.51130330921
-738.266691572500
761.346653796775
894.463127280564
863.233094703109
621.049793889272
445.186876015696
-350.940606904325
-658.880913669829
271.275018911149
626.301538998854
650.717225852352
-1501.16288597591
-458.281820602305
455.741899955975
-14.2836729194196
-372.509470174539
-242.074123897219
-901.033202238300
1061.45812675081
-259.397049526771
-1103.03956567045
145.092718585689
-981.528291306438
202.433598190419
-210.393631507471
867.646675285071
-1382.22962481585
-126.990669739928
232.546915504848
-793.505457443507
-15.6231900314700
536.833447721348
-1159.13475931645
502.718883652491
1348.92562386111
26.1646099714505
-1814.73629597329
-384.408870053480
1663.66127148075
-756.476559493071
1017.82133713314
-365.743332181734
-812.843212405930
45.0094582043900
-340.852889471163
784.542398087326
-336.205067018130
-1434.42792095749
-428.311178365930
-1202.49967654819
1551.62148948947
672.787773254930
546.783639375183
1048.48724519825
41.9874029587515
-383.791260746586
-2112.70579709264
1350.76491916958
-420.957991741277
429.318741829315
-57.4672862582327
443.944089698519
-231.589341532765
-689.238324875065
674.631215862410
1418.31549587305
-1268.59036957212
1686.16584578433
1877.83143239916
735.460444053254
967.102275571008
-906.998244023053
727.346222302172
383.885621251597
1298.67050834692
1097.59114329153
-29.6894320863489
576.134259963826
714.845245679884
-875.864984022768
780.104916522769
-156.691521464346
58.4192041059712
922.238487749856
484.983951230548
1268.33604146264
-629.992688664992
-539.922498048039
-360.138060686761
-201.169524857869
153.810058945982
-716.925080679148
2286.34957554829
417.640939701651
1601.84111294598
-661.190744361273
-963.318290829784
-1048.52284642642
543.557201756481
476.798993861296
-839.769059526034
-1971.12965196051
-1371.65969987716
9.77163446019599
729.139035211709
1730.13739023147
679.245242796931
737.698946559116
-192.685419465183
-720.931207646425
-1960.34489205704
367.750485417952
-1331.24082615486
-2645.06911913731
1193.18208181125
-89.9055824068066
392.996025951950
-1159.20092255502
-224.223592908032
117.692191621662
2228.86826734074
652.525379313175
-722.138011055404
-306.344088069688
-1129.69819848574
1077.40596508454
-403.787678345565
1325.88470247919
-302.724678279170
-117.522923508186
-1098.03788332480
-819.821105150571
1097.29594970582
1013.91841937403
-84.8100289107655
1160.21338546047
254.375847284793
-1373.59776188080
-937.241876400467
-787.502349990679
-373.573013585568
193.031877312975
173.743741523327
-661.594761903900
303.966404523017
-1041.67438038289
305.494002415716
-1883.59424393041
-165.993035585728
900.894207665771
135.103021580418
1382.51197107119
-266.297112862325
184.286328574594
-458.819636229775
-279.279491982202
680.688650774574
377.608191997556
-1537.19865059300
-100.160104799763
500.638135458726
-502.707429733027
-1024.81262595051
208.104311584883
694.095161589727
983.917593365816
2470.00852883395
1101.49593946812
472.389372245371
560.639227963563
809.847824325820
599.509528516796
-282.451974157122
-1752.97600719393
9.67952584571652
-1492.33683009847
-191.411640163747
-518.221437909483
-181.309139755918
1587.60695343008
1186.53882310931
1962.14591705398
-423.793225355003
-1805.01522450257
1287.87573146072
469.213653900628
172.740411917928
-1284.02146413190
69.4351636569512
-885.613831896236
-200.029290932189
-757.763871757982
-539.797756020435
1628.31201102056
1976.38621568175
-544.898380052223
-535.325436511730
689.638095202322
793.695258256948
-1588.44960197978
-788.249245576856
-1151.86857038557
454.610734731050
1277.27131959153
-384.122663667517
599.521987548880
-749.859960954612
-456.973930275753
1270.02896806730
191.254964669047
548.410130260319
872.298934703713
-1071.95995900163
834.605839000798
-764.472372687751
973.422154013461
884.907643569499
1339.90813406555
430.288683050809
759.830860386305
-441.268631735438
-1484.02010185628
-517.841396128238
681.627902248785
-465.416786475558
115.542302588480
1066.14244216908
1565.28420438487
-84.7550216725069
-839.530957523919
-716.693590612146
1876.43386418280
-1855.60575301121
200.592299947768
-330.812043115860
-97.1221534336730
-1785.09599471614
-1473.56719201900
1576.21067529586
-1762.04579633475
1508.72572482242
-320.339248119349
-250.082845798713
-374.962977172556
-930.267493166049
694.737373272323
-347.486149466037
375.022884112002
953.840691197250
333.754556612238
-38.1182005951386
1293.67558863000
-1183.66890687722
-983.225062413964
-190.460023830508
-1853.24876517852
585.969945259373
-589.263298803008
-347.803447881205
-579.372720872831
1980.80024022569
-614.741561495138
-22.6277787398176
-505.670208949277
156.170123081373
39.8720021843402
731.773139215423
-1196.36141144296
-352.961662262747
-1822.44743205351
257.998126554611
931.490282406686
402.304773488438
-843.326615260076
507.388267308761
-536.340745306006
-166.794612770732
480.343325547946
-1635.35148335378
-896.551263568223
-452.175984284410
259.515988308943
-231.441099232632
-163.857784693774
-488.664039257764
1824.79486186297
314.783959113290
-975.885300378489
412.691935971659
-2141.05428918286
904.917723602917
-2164.31637787878
591.954992132754
-1683.89316227467
-223.738789424384
-1318.46001367845
222.367174416486
-677.897312550821
-449.929653298732
1722.05425491146
-1016.08683011989
843.883963624470
-771.743736198087
-405.538319295719
1265.12472520769
473.337369383052
437.932509589105
1149.43615221518
-592.862775228699
-171.341717978599
391.664485673470
220.881355896498
912.423797559500
-1764.19390470217
-912.075607497828
-1265.75425923500
-1551.15131170088
583.680900249088
-447.027825805213
-1060.59966091452
-204.126310158539
-1742.80934333533
-1227.46591576457
308.270136921391
-1734.23822959928
1499.74015549008
-1318.87321204135
-59.0372920717893
-728.770918464398
-173.787480133874
408.128809111439
1219.58060603957
1211.53351849970
-429.944118745449
-183.187919967775
240.757257417272
1655.91481368162
895.956470682186
-1642.38301863169
-736.950641175099
-1128.69568637823
-943.698126483153
713.086368990957
-472.719875169277
1596.79929074389
522.685617286177
318.062776935868
2092.18166634309
-393.164808559807
365.822102789175
609.302402247299
-646.091492353910
183.891108949110
-1420.65141315605
1030.79473534624
1895.52527356917
305.314586238227
-2190.98841880316
1878.91576440971
-1282.58923868659
-1271.86192829407
-863.958790748599
-271.457972689332
-1390.86302621742
3046.66539839439
-934.141339906423
882.335612087815
682.542797099725
-848.733852315448
-922.178484945227
1679.89473759803
722.990766678352
-1103.16473306891
-281.917491850175
-114.691512118868
635.929946056104
975.204989674008
1001.21034553373
973.409305834579
296.107892959488
1680.97208812678
-842.870832600238
2080.35431000170
677.714204853212
1457.22109933255
-222.625599679068
-775.086619238355
537.341407772809
475.376520602609
488.873480382153
204.712669026752
679.160122167571
498.961265996109
-770.617526224859
-1367.78898293496
457.627195983825
171.511180431349
494.737541489686
-1484.61792963767
-647.381024241775
199.210291802894
1344.25571331531
-1198.35412978844
130.574523120778
218.869295713318
285.212345559162
-810.989027259071
-817.064598676071
-548.757344606380
68.4710836249892
486.437848852039
2068.10402001482
-1598.54366031365
991.131794792356
1043.26905575017
-100.747113488147
-947.656912645688
-346.470486846312
-336.076140391892
578.406518939533
244.394687630055
716.611214680064
-79.6015037981362
586.210778006395
-97.0898398514803
1793.04929492448
-704.304039769441
733.564983148227
2256.15588527136
-580.594024999680
71.3579536084739
769.997950034220
91.2142913319471
954.903719004549
297.086110681972
1368.02735976381
-215.225220353087
-1727.18556106564
790.446218314714
-359.029751689746
48.3490516085410
632.393988757613
-1938.35936814646
-357.924897217833
588.882383274994
-2279.19406295539
-1115.37664549168
-814.949344302172
-483.743714616891
666.647927206764
-1326.63771633709
-124.437852338517
634.681418813170
471.792168869374
65.3748613246749
558.150429981089
1577.53167576331
127.629854927827
1627.64068036395
1801.87675057039
-479.232461519516
-390.357811970900
609.634738569116
-749.295482732846
-1653.05292923496
274.098111234950
437.842787580732
199.660404400706
-959.505183553735
-389.657351053277
1032.90813005049
182.616391847392
-190.590432503414
-571.335605495603
-360.412550770936
32.5544633503542
306.968865086986
-699.199123681063
-992.836407597390
46.8218178747085
166.077762344824
37.2565428630502
-612.625929526281
-1656.81833386319
-168.509539840698
869.010413073752
1814.04156490595
520.043653550999
339.464165151832
466.246819002008
111.508576621105
-808.946164908710
-605.995070575706
-1144.25327644169
-142.074555557536
187.720733796033
844.293146623403
-404.825165995194
-954.811515845130
330.685735827811
-1432.46133536534
-1039.01530685923
-1601.24408719339
63.0709351618392
331.173946726807
-1004.48143286442
-229.415357656140
652.126130310861
236.917050901712
-273.800556190871
67.5062602987226
-166.215620407812
-1278.38996967992
511.362441409431
780.509012791041
257.567893174139
356.068547914902
399.827835190398
347.089142785755
-449.775908765575
405.151198814351
500.062108676553
1381.72295920573
-1685.87766521045
-1526.99826377141
660.569679828547
1137.80163051077
321.234174596260
-1192.38807149485
-567.217670619620
1018.84806472338
1237.41825740521
712.944557552753
-1466.69767630054
457.900750152669
-1937.77893111584
231.602797231298
-114.812908322050
764.036671326307
-122.360146362849
-1030.22216090247
-295.137100979694
-117.012295303901
-1491.14955069829
313.608497636753
-876.376188658475
1120.40943122017
492.129335191905
-493.655502403971
-1108.94211179713
-1676.14118383097
900.341479099986
1322.88204127859
272.816429861186
-583.808681514319
482.415944373099
59.9486920754989
279.570014368787
1732.05322342959
-196.878915282538
123.614916050427
-1168.14982964263
-715.789314281303
1034.12738923209
-543.003960071937
-1838.64080389673
569.197910296815
582.964461090049
524.750069802116
833.903921480878
-661.941674492071
364.553391900555
-245.813977801717
444.586360795220
-868.667068225143
273.736374843295
-200.283865795841
1949.00672622051
-110.943457857272
428.195543340197
466.846639274451
-494.707016109681
1191.18315395917
414.890283547668
1035.09488823243
-670.269708451338
-801.655206727568
549.722127978912
692.087349345541
623.957083961610
988.379383356521
80.2273513236137
-100.915845592736
-1041.13448205866
99.8752665228914
572.168388397898
1261.46446260482
-720.126488158541
489.708717106085
751.007278786945
1104.55555740505
-124.762229944973
-1073.09502229238
-410.833302181331
-783.031190001291
-9.80516929194092
-1632.84480796503
-651.769034428186
-583.324985698414
776.666989605806
987.081315039064
532.088887393168
-649.353340613426
-574.469352935028
-1705.20066934110
1331.49600463981
-1836.17349933520
837.412575623154
-1135.40936092715
61.1670499357135
-223.331436750282
795.829453585337
1406.43277278704
-246.936026329495
1338.17126536412
-1422.37573672672
-1338.67004882676
658.781278565578
552.935833275381
160.435954706547
-1636.23491200445
781.442047756042
1229.40831555609
161.272170500855
-162.233060067820
-1032.76214976845
-203.936142777566
1045.16401072715
95.9058764469257
-1.80126018792273
572.811092906074
-758.020071869789
-380.320944109290
-1236.80360995180
-1581.57536024050
-347.006541153042
883.962986805804
-406.796761922877
898.813854630058
-831.846299885566
-99.1593109469500
-732.997587712273
461.017233730272
577.161687602627
-532.777677964453
-848.029379049940
-2882.19728265452
-1466.33902352412
875.872175193350
2023.73648919706
420.187883794371
46.8762319754317
544.347480893457
-1648.99717754881
1066.19479695631
192.166584490284
-830.361711940700
13.1570325076592
74.1391878717176
110.574137784403
963.701508125135
133.974186501009
127.477404841871
1455.40855979622
-2261.37087263841
403.352783025832
-1426.06201920861
234.376641080909
1573.22242904553
-1687.96339207705
120.453307798200
-763.971916942165
841.520190841609
325.659747539280
-1195.63729839113
621.803197850453
809.801291186787
-940.213529097228
-577.020900333346
1409.77215130539
-340.287828792783
902.832368447454
1506.73889778728
947.019195662363
1413.69836836826
-438.895725069920
901.937221326225
1529.50105975289
1168.92358148124
1824.21676044057
-1691.67497525853
811.443344732996
198.420864495290
249.714886106540
1173.42027843596
21.0885394472097
633.051043160200
-871.663909263788
188.106331657115
583.314206180464
50.8703804492594
-440.974033064264
1004.76854200531
1593.82270493362
476.632175511303
-1175.61251280220
36.7544268922447
-90.7780945844532
-2524.39600325769
-276.177815396465
641.697156477510
716.222327571572
-2008.98164837307
-262.763497034227
829.218540131266
-623.104081799174
694.158150001808
-1026.19714877467
958.387159254630
1419.08028221936
823.626297730021
-168.240497857959
-35.2559569248463
-629.617458172438
-428.332051654914
633.075890096453
92.2389871571220
160.642414244438
876.145204537954
591.967942613099
239.715641744356
996.234801628939
75.9926280261330
-1279.21621205697
-81.6442802373901
1884.89661898534
-219.329373385438
-1166.68081856404
202.863866795093
-436.409579284844
853.609197093483
1212.76365749889
-77.9657118482661
999.406580172952
-327.090049168191
-495.932586862500
-1436.79296581887
-445.009917927368
1423.64274777424
290.046906278325
-642.783320871371
-595.680749434839
-465.693220731044
881.432830515336
23.3222050742585
197.678854575596
175.578155548373
-101.871501506562
-1632.22432666424
1374.69303181834
-1575.70866128514
-2620.51461676910
-437.595737803594
734.631879316114
-21.7746676850409
-253.380902352664
-144.826597652318
399.478393686710
406.962296772532
791.662801839551
-746.709626666942
-936.915227403073
835.240288963666
-302.092049809881
-691.379518349466
-1139.80442303814
-1026.63194465820
-370.181259844428
578.273274324521
-1087.22962040296
1534.68412906850
1498.98793524926
1255.67525303662
114.341292763902
-416.200836862127
1060.71360096539
31.7451026560691
291.821480919737
1075.89868517837
-1766.55825200959
1168.45075218544
-500.931806098327
-1710.98292790055
-259.534084918403
-911.807133954075
-865.338869963364
-948.935514453906
625.152059641729
-735.451401894440
-562.342329027750
154.102802329834
-1361.99464139865
897.864824005779
-2636.45283126267
-379.062112206383
-592.514264741229
720.065462781264
416.378341090776
604.517751197640
-495.166124696605
1864.89884073913
-465.533744039796
12.8999903382835
-685.530595756427
1284.60807201774
-945.798294272779
-1421.54255300620
-302.862516479844
2066.56350081111
-257.704888035727
-742.365008789382
20.0202722230741
234.842865719019
-284.349122631032
491.828257647311
-1532.35526738676
-1423.47742272482
-3546.60470709735
89.9558198181778
1452.08540859291
247.243865107734
131.829704648489
854.422699552644
-332.426409332612
-598.578559956341
279.630638528106
734.736060671203
1069.18000953209
-1105.15270311452
-230.780440869876
-1872.87375650012
-184.487972306407
-753.070032734185
436.155663746443
461.515910884878
983.708359145096
1345.73209351571
1488.01248112949
-1987.99170216323
44.9833680705817
-1271.96214208675
743.629000056584
-598.177532409824
-632.045743380418
-564.416317358235
-906.906996017442
-359.488607192651
1096.44708108375
767.812907445897
113.467448061080
-251.112700759198
-3102.93985195462
-618.938234166925
360.341524911189
420.048330447105
309.972714248983
-1060.82692267354
-87.7585155891323
-716.909707278631
1210.45769700164
1400.96248436967
894.523971301977
-127.125689569979
648.670195203287
-875.407868919374
1409.62945585190
780.682349428002
-377.818855207871
639.853778247189
-63.0139390802059
612.759696406178
-688.573360045225
252.853130185465
-673.691516830273
-1330.16604644631
-678.162105656607
-478.664488001454
766.266152119405
-1063.38305767509
634.169447686324
-910.607973223816
1064.10874537241
93.9452338081867
-137.048492478075
-1195.50251427426
-1134.44340256430
-213.427218179509
1278.26207251165
65.7261876886498
-1004.19406613617
898.154273018385
-97.2053947074852
876.164265883134
-548.016559112855
196.684810551210
-1398.91949234999
-819.985820060361
703.727834988422
540.129531449191
1204.56402004404
513.158657961261
186.662818813984
736.524308591502
805.407840975092
1136.61691117017
1589.17803466785
763.148915039959
-147.434308596291
-1320.74449403694
-655.790143111082
-814.205963329163
-556.674480592799
1471.65604140281
-911.827091540298
675.054456034730
-1477.83888054596
-295.167200130009
-76.8808680350035
-556.138412444516
1019.76173228521
-326.681422760255
1244.84585816713
-660.103071588100
-1181.32452820980
613.187057751807
1900.54486616030
1344.44241598003
1081.38953561317
654.925678963612
1689.86089619400
1379.38387666629
-309.264847520533
149.371537742018
-877.298672033998
-147.153959124780
798.167315114271
413.652995157495
-1010.23070497297
1258.11341430006
1010.43526940024
1180.89216943846
322.094571346438
976.956012919306
518.407627546932
556.267027808225
-57.2705231923388
-363.287829822552
-1360.20349587662
-117.153152553775
-643.088013669258
-725.084151558677
-354.000544243576
418.965996894397
-1365.35027493228
186.290295157091
-315.537722958328
-1725.58390995907
-2440.31615760920
899.072647792286
-434.257994946056
666.965845940898
280.568990051766
-546.698381204159
825.168937488245
823.248700463824
164.337940013753
998.131128127597
384.766780308045
744.293150380835
-1152.19046607955
1079.15722811719
-1737.94743805466
-484.563356400461
615.718643615943
-455.776509753584
470.031085737268
570.743044250587
-629.456878299947
786.306873636374
270.434773921573
47.1578843365159
932.914539610922
-176.781639564888
-1010.97393656730
611.951934103947
741.158324349263
-787.298806612385
1459.04998061537
-1115.80015296195
-859.210667510873
539.826524061209
-2163.43096449974
-1324.74832074759
-381.953620888410
1181.00006823921
1390.88491190644
-828.382139917789
-670.651162832673
383.183814322788
967.415446347495
2572.63809518891
340.184587433303
810.794321140433
-423.342254149403
-985.917886225714
135.149834797059
267.155455077484
-802.009657025579
1176.02768938729
1422.58310612433
405.371242900463
1381.91848623819
-529.411359932874
-1340.58656692663
-1286.68495516625
409.081506550371
-343.639603056440
448.193940628486
1082.87443011103
543.404657798153
607.019130395700
-1694.94571875036
-523.147108136710
-221.924133814246
1547.13999967104
190.767181075618
-1571.60179811005
1645.62474615582
497.031651381351
17.4770528032789
-481.511126640532
1212.49819148748
-842.730600685520
2193.21463170594
-180.346934387253
-969.973532843329
-1351.69820355043
-311.655799383103
49.7892885337102
-380.109327936056
-710.732658096147
568.757389222827
-771.895694718449
277.337040501143
-264.558213656367
635.520174688169
-1557.91037873562
960.923021814465
-1029.59025219800
-850.403363252763
1013.31666837273
1725.88943120051
-420.417103892294
212.309736624400
-1197.15618205600
-1609.97103908739
1174.81850137714
749.561256950500
-34.2062396585066
-517.250189211674
-1241.95288576520
-556.831006071817
1495.08150338216
-239.681205221187
569.665957055665
94.4691531678935
-1335.65578373308
-1711.27816301625
1050.72514619115
222.549040574390
2847.03400300817
-149.996795530074
650.824427262683
146.583092964688
-648.348464259402
-816.900451415316
-1006.54530962352
1011.94526404965
-558.755034490234
-969.763315050290
-175.495128248843
-677.635007783801
-114.218535658001
-1868.65369137259
-1196.84739124668
59.9827447882951
-773.881995400666
-645.720115349324
1847.43915792007
1281.17326028608
-224.501100708066
-1205.25442702248
-943.419818143008
2212.86330009375
-132.204745796163
266.777373057341
27.6829346975061
1128.90314381242
-771.241053544421
-741.353720359761
-1789.93424520880
-1529.02730326477
267.795111794860
-89.4930946984289
767.691114588905
-514.865606957977
454.651763899546
747.389726045896
1924.75214777924
-88.3596651574598
-186.148414288167
86.1415772551198
72.0729910692729
-173.076367724788
1872.80047068679
1236.34922527484
-521.189381532023
825.248735764346
1241.57623621579
-935.796097843796
-1075.02719621163
-347.953152986654
227.459069411775
116.875623691971
-106.417295453186
193.633954656233
-956.358170801769
-882.075252076510
344.011326652530
-201.361524895824
-418.651346594791
-1716.00543777041
206.898725541895
377.331262023289
-1395.81477306642
-204.209808299161
-29.2428540326710
807.580965558158
-743.801274026706
-643.872244889606
-818.623597859252
-1783.97621962845
61.1175382942565
308.932728362287
-807.227935803974
-957.868009894125
-1183.57849068154
-201.494818159420
1061.90546890863
-2831.91118045830
-2270.84267680223
1034.83888097447
-722.377634693024
-68.0494350941443
1174.23585406833
1519.23542351853
26.1748997671788
653.311263255598
184.512969665941
469.080786632885
-373.939725838006
-1510.79422356513
564.339245181088
621.071494164076
-407.170603221005
-573.328875877465
-1458.72546652132
-541.392324480019
-603.038448656759
-381.582485311640
1643.85328989234
348.742365988416
-407.756674571262
292.973893749531
287.775527393937
1159.06125308696
861.349835445523
989.771312160611
158.868853127935
359.678560175083
1056.61208235903
83.7042493727350
-1565.41695865333
165.675627649955
-946.897599149926
-80.3980362775240
-487.519621393242
-697.217155113651
1127.62702085753
-389.102897345108
-5.71925181129960
66.9763678603940
-1435.31738741962
1162.33711965461
-152.936948202296
795.399239172520
265.765736705132
1123.37894005668
-747.360032330340
-1724.79972483666
-519.962327033513
-645.027415910302
-1220.53218177790
1134.78243258558
932.182188623812
817.615532121898
-1822.84854883391
-1740.69542039520
1551.38357037723
74.9693116585690
517.370487927348
-349.084715068679
-1720.98338168405
-62.2871853480837
-272.304660936378
2675.40529657208
-1161.18422370506
-389.838343211845
-973.000212031175
1976.81910258556
700.230695283654
-1223.98994828142
314.945315841938
-1295.42941740442
-325.927444239346
3031.18092808238
331.407378244387
-1083.78294311984
228.873007152895
-679.938034214420
-1028.90479881623
-936.489048183640
109.327076451610
767.906261760061
-79.4474810579719
-1300.12211189113
-768.518188399987
1765.47760234680
-663.138811833472
-462.118096441615
1248.50239270104
-1335.62633921117
697.897758121306
-444.325846324587
-732.024056854346
956.927358856755
133.245962849318
322.653235171355
328.943915948137
209.079768646709
-862.813428384129
-1166.15511163597
516.074401271614
-551.391458047596
1667.95075474810
-304.055963419050
373.199036399430
1869.69634720014
-54.1632507509310
348.608549917843
-200.066366316223
1523.27176700708
247.774125704901
1156.43203904865
-366.577807869232
-1620.69500198497
-38.5032159924028
1194.54644496081
747.141782163325
-232.367369050379
-11.1333268610481
-939.556268848741
694.792440793414
-819.945871834090
323.935198921315
-1140.99800795757
80.2130436033836
1571.37646226800
112.672914531891
400.287109511585
-280.314780166530
-1268.54352602937
1279.88589891022
1482.76191452848
338.341348428736
375.463657073578
317.784968385216
-1401.02935720844
124.256889307939
719.085127129649
-1240.65309846356
1089.86760620895
-878.552852867297
-110.834345740571
-875.739321030227
-336.910399195558
954.621331669296
-912.926205419776
418.225917545394
-207.890479405064
205.573148813385
-427.913971539624
1207.61535134915
1513.86742539517
53.2424759759991
-1939.15063303906
53.2960829948773
1365.99887214801
148.700252095065
-372.205490086766
-110.201790581292
-3009.68202010251
-229.502012314741
-473.771142128336
-399.050356226319
-72.3244199232064
-1394.78396915484
-1594.74354643507
583.484804475970
-703.130723187106
-496.636048948010
699.277246403897
-328.152645238420
691.412305956244
226.207981446895
-316.087113332416
-123.916956925702
-998.882221855344
610.852236247263
1007.01480314232
685.717487993147
364.365013470341
-709.667798372651
-1664.40141552102
-522.119253193061
1233.94814463876
609.841297427466
-442.416032402041
-978.840194464575
-1058.27030518151
-913.955001679069
-263.752534724144
-399.769067354775
-820.456389662561
-1114.20709624944
-79.0915028243588
202.303098091574
-188.756090726389
-1853.78873455278
-1656.73781342583
402.433348636004
-375.395561879470
-1130.52846723691
2388.55150741446
1087.85202694455
618.159719941255
-26.4598121996848
-152.196378525073
2089.03359250828
-938.297942631617
823.245598137127
514.655628018009
599.016818761489
-96.6637595711597
1793.53690614125
1083.08694476731
-1535.94474239143
306.750648707731
570.831789838979
-183.774932184214
178.833388272590
1294.32208389890
214.311920997363
1690.28652019868
-914.739959120647
-470.745309730078
-273.580251830587
462.989980565230
402.980077284332
928.748454360803
593.516680189662
313.277099837086
689.837451269932
1330.51725202840
802.641296504597
-1642.82457424360
-886.692065054101
-1937.53460451797
1875.52413034004
-346.582862178164
-93.6198402164323
-1785.51233798514
-783.311734451095
937.305898577577
-1086.89652517040
1738.82777112349
-1496.15577436368
-1250.46472290311
419.936762244185
-1531.60153654769
-2481.89398755946
489.631878732603
-1209.20818311345
-514.239359279036
-495.534874569298
1228.89315956605
143.043378569008
46.5825860960344
172.977302043946
-2063.02718568595
-622.784612791613
54.9140975373295
-388.255293231253
-712.198307064069
104.709052882870
-2535.61096131010
-2107.81690945415
-243.013323654660
-1786.94406094709
-626.165703762227
-510.790603636508
-353.842677652190
270.144274406098
60.8373766416528
792.905854014192
-170.843890736682
1076.63494539306
808.049345991026
206.493470423717
1927.81931474969
-108.709186832389
484.148307963328
105.577168996273
1308.23959214514
-1308.00969661229
-909.195161838687
-322.341322599542
-142.285395244065
-196.146889148781
-502.573643804863
-863.463830163289
-1537.21912279211
-1631.96586198251
770.397629225031
-2102.79729305275
297.194822482717
58.2802859348133
452.592367908490
-1082.65644081167
230.305074152382
-2.53771111880909
813.590504078007
-614.655030241105
1850.92710449929
1060.50547345158
177.200337400100
18.6797478799926
-956.345490209412
598.333172481568
536.161515492111
842.180592219697
-27.5357430389065
898.001078614109
-617.902342910819
-1571.56333873364
-1028.58632179525
1469.61652241578
636.472313543324
-1257.99201659629
-256.181980363177
328.317190602297
-277.931198209999
1564.50271375431
-59.3887146352510
-328.463680698417
-567.985648360875
-448.526904209931
-124.922428681913
-2053.23038187258
856.187673558594
-176.840584707529
1635.02619423451
1124.14144455216
-1172.68622404144
552.681541218176
-1080.58802973813
-1047.48191342753
-369.191899539693
-1475.09829875436
-1149.68180972039
139.297891908850
-1305.87336635595
-1596.13516943803
1408.53463654183
1030.15630368024
1125.13539106266
518.721106989409
-79.7712489144875
1311.47591701045
1661.20070937595
-526.081943694606
2021.49287563660
-1674.73310205769
-1603.64917987962
-593.725986655780
-531.097271632078
501.514207427789
707.295075381633
-718.980498085193
942.345756809426
689.224277086829
-1462.53947310228
576.789250844100
1068.55431244869
-1026.92171963009
-561.964050102098
990.096824447413
2187.20647205249
-355.531760095907
-332.744486619472
520.859558591030
-265.998016938123
-868.813497106463
-1257.41602119046
-1667.58866153202
1866.50952043815
404.112737698515
306.735754213398
329.097902677166
-803.946411559353
526.348794520844
1183.69922465777
-1636.55073083328
354.525666750139
157.202737978844
293.050344436573
-18.8229271209681
388.397411201816
-1112.70896628548
491.447112235480
186.526901224764
-364.841990368248
480.613673066283
-538.835666013573
-481.801763750329
445.419375734622
-442.583055076162
-1558.18225372927
-1611.66251494598
-794.554256669776
1860.17555472829
2289.55257515092
-74.4930402389031
-1562.82744199429
-2.55744378061471
682.421376123140
2565.81268146968
1718.26008040530
-408.240260641551
-1205.28818591157
-500.510589872878
-1139.91503434738
1321.97134582296
-430.911691201337
-185.681469786883
-881.916841556401
652.404136666232
-930.132194617646
719.172975165490
-1004.73421053050
271.590687984825
-491.126344176953
732.017532680966
-737.005118726988
-730.213185087152
-1010.17503720674
-136.179022506931
-506.074800662321
-561.434714155745
926.746862113150
1286.68685811085
-357.807696341801
1906.08349165949
840.911275534176
1723.33121247808
-1013.25328794768
-510.809054102321
929.566003543708
661.309499968209
1341.69087702378
335.075532721008
356.922250159480
-325.518190310216
-555.098794554857
638.602384236348
181.106439354843
-42.3671649981335
495.290860117140
-758.096584062952
-1013.56615938219
655.673213927012
279.003263147113
-1764.71072581011
-751.547531634315
-2006.94123639705
678.980908615470
460.715604448107
147.221433060784
478.763853296169
-673.141379673648
-480.984922040598
43.6309836224856
1065.68136223343
543.667833759395
-60.2395819228546
1116.33900935292
-51.6772350008653
-597.555998539916
902.119625724746
309.956214227883
-1104.93672626033
-1098.20330185115
-736.828651114002
898.820241276544
597.227131233957
50.5115144598757
-183.747165221148
187.858491613826
1345.51973119544
748.191739839343
-541.243980965738
-188.921298171585
530.336708171762
-383.205542492209
1120.63604844271
347.097447758214
1430.04185921063
-243.190622868310
-408.033181355218
1994.39230636715
-1579.33204198073
-754.691261877489
831.325587566202
1294.46069698956
-1176.22920508810
813.264154606121
800.739158514247
1325.64132710483
768.800409029483
353.118209370993
-811.540347729762
1299.66305149017
734.667786395986
-930.460278489926
639.923661757302
-742.838952732936
-1326.97324613238
-440.289371209991
46.5841593046451
1179.75647604308
-223.784639140529
118.530168993913
345.262038853067
-1171.48717300179
-298.744111825204
-336.123666392431
-725.274975572661
-1196.26602101861
-1110.38321163260
-340.931211171851
-654.615399568123
1456.86942163201
-718.656833451444
23.0897622119239
-376.434053454058
1584.26529291094
1441.06003192399
-563.418000528442
718.408334547779
-647.216904950618
913.783418446661
2160.70811755241
-355.868254911738
-784.616493413562
-1210.60748190804
1138.89407850884
567.266968284063
841.268175213042
-235.549849757014
-904.271499690146
-591.091862376599
-621.112430549351
-887.819690865908
11.3072789878827
-284.573936838988
1099.56762522513
-495.919900419641
800.590181879385
-1009.82528449019
1920.24703092593
166.361673022638
-27.9068100891875
-406.330537560031
-538.478650956145
-487.317493701701
-355.109311222142
1289.67353256825
533.823437807779
6.87678046059626
-1008.04797673730
-1698.56338197048
1814.95890135415
-146.450195852356
-140.793768340217
-1132.97233164800
611.547673940504
-907.163626894865
883.455797915614
-2361.01866411871
420.001819051343
182.614322793319
500.014249271367
-330.933172908306
-2414.25626041612
-963.495947722922
2714.44115108823
977.917514755264
-799.948481754577
483.520279045276
464.817214169435
-2467.69578030494
-319.882207135191
-2029.42916920426
1161.79190323631
948.932611216868
1485.51124251132
2043.93274828426
79.9799732025832
-527.734682104559
296.096573040873
220.078057771910
-166.300029445575
-180.690182020306
-1020.40659757538
45.9988826716637
-1349.92432286423
264.462553191137
619.155612148031
670.647572900957
899.744391407955
529.612728323944
881.059030332907
-12.2886332218923
-382.563567453455
1396.55595517240
-1843.88624452181
-1108.08345638080
-795.843003753512
587.599129794468
-1368.82527351118
-43.1753506365924
502.852645996661
-333.332804778887
676.825839999828
637.831410736104
2387.94498295504
-1407.85572394224
-534.236623614171
981.021300727987
-149.146317843218
-254.025318193231
-704.324950284149
1168.79934097152
774.116372409035
875.237860468195
201.360609683387
-1786.75942388440
2129.36674836896
-796.382390441285
560.669969717643
1595.34821279155
152.009713940302
-113.202802546890
715.624779545003
-340.553642012941
-720.209525995529
-2221.66545312193
-206.660438667798
155.263157487885
1514.76237487943
696.592177249144
1043.26448633433
-212.846283860456
1396.07797126590
926.274722324580
-344.038912333580
97.4715337689597
-1451.92221618066
-860.665984433100
360.621217592473
-808.833522161861
-199.949704650913
1233.30667346534
-692.260155093424
-110.288728005713
-1073.13856710606
737.656775729377
557.809398740564
-1499.02593148266
-858.937158470007
-551.594336707823
-2644.78362633788
-1264.84179647832
-783.832520831261
554.483592094797
-224.942773554185
-1133.28171179014
-256.273688390796
746.774286505594
-127.968865840862
-1314.91334970086
3010.91127407485
250.584261591660
1520.88847457097
2696.57078773562
1248.47522405565
-108.916266562335
-2045.50378384499
-1531.33856427720
-463.667619368544
153.278388352468
1825.57293411446
2402.45707864409
862.210092942241
-1248.77650923060
-192.064648933915
2238.34508377689
27.4092684730454
-59.6439922856143
-980.731489470965
346.984712986481
-539.021680422945
439.868891874735
1141.46295789797
1770.48086926186
-11.9523957571718
2465.70747189088
1812.85054490071
-841.500073278770
1672.18019334772
492.331225062508
-913.424865966329
1275.62084166056
954.325061837697
596.007071666129
110.680676308765
-1069.57843401630
2413.13969524923
1299.50634461476
1706.81227323626
496.256397340251
-402.303648286661
1196.46928353444
-1374.60570749809
463.999776104862
-717.115374311376
36.1369902692436
671.987271471013
938.439110047558
-346.136907108047
-290.913394437091
-2509.32293999522
-1468.20893556976
2075.81791498878
362.322345465119
561.343452338951
-1263.57544966953
-400.672139641538
-2014.33027635416
-1595.98434737383
-1533.83450181418
-1904.29214747268
-1391.08277671470
-1244.69621481218
-788.268932180629
1232.37997716050
2005.79375480265
-785.557893648684
299.012888327824
-158.850494268762
-1173.21272129635
-1019.25744479471
-1875.98990894150
882.977045463679
-24.3264960594493
1082.17996866536
-743.524334182169
-401.042257644991
538.841666394640
-12.2903073538612
1446.01072889439
-863.248317444700
1494.68500889523
-325.893707919950
-138.336225652051
-444.311478946492
-533.675687991770
1689.26918232542
-794.642630453052
1291.12085106080
-133.177690596337
-61.4990235133380
154.366907452742
-66.5522502970927
-1320.30711143959
-991.805493681374
442.418785342891
-273.177022514181
191.133407498171
683.479225775987
155.839959381118
-427.183536292583
-75.7826589961392
1369.41295890550
682.121832668533
810.862069003040
912.700811951535
963.743944426237
-760.946248956423
2499.11326063287
-146.051041578052
49.3068391137288
-1497.01363406981
1092.91734325619
579.982712887292
199.891324844568
626.316612095014
873.784526357797
366.569618816682
-2521.13061075147
-99.5262253506442
-157.846035841189
443.526457949093
-292.560266401220
152.804063411450
104.832638993740
-166.437479242814
683.392365804526
93.2558139214119
885.845606400168
-586.324545426455
1598.03887417922
-844.180347621098
-280.134306699100
-1475.47193206420
-638.332355348121
1273.67178539265
481.767008485721
-947.290700594184
514.632840404448
-711.581253197016
-2101.65832474218
-532.727769552890
1997.87536252573
224.119181838677
-1973.17659425097
720.486215458313
1969.64885592606
-32.8645771057520
-141.253175203532
615.086065139675
-823.096108945043
318.392698803782
2564.21025147844
-870.731097008812
83.8024166494002
427.163145626620
456.417954424971
886.946557440801
-198.799232959551
-738.844540744697
-54.1377862553549
-1927.94323647903
-209.879385010273
2240.98958944600
-555.195641498913
380.056718391717
526.831765023975
417.191029833352
87.9999939070046
-638.904161045042
375.421211858362
264.495083391259
184.164222100856
632.563981142605
-160.809779735503
-1183.10767922574
-760.926797269460
722.545572888422
1059.83193673482
-626.277692208109
-1340.63626526271
-1023.56855607554
1040.67759781842
946.564041250601
812.611343334900
1002.54237989210
-19.5890558949061
170.838496448948
743.635104185957
951.231126712185
2613.28252508610
-973.612943860235
124.299502240911
458.614580203186
-1171.51637102630
-1505.07815964326
176.012658739119
-710.553124419577
9.59517807436221
-964.219395406429
-89.8732901599621
113.146276753386
-2255.83267082916
784.483490317872
-2048.94789371225
270.537667784025
31.9518011419857
246.568347675080
1567.01789900909
-1564.39260571745
-692.366307232815
-769.182058144874
1594.56400722121
1354.64086695717
732.984273295338
-1581.46827921507
-460.723806761187
546.991341517161
370.283437549398
-653.817794120532
1551.24701825163
-579.733202839597
405.845748451839
2054.40247914459
1782.64440968622
-190.595779098556
782.244140508650
1729.93057405555
-962.174853283494
995.534695940616
1918.79629833929
1041.60884470507
1275.77818221159
11.4207861287339
-1303.42339561912
-732.621195696943
1594.53044591771
83.6905709402519
856.446613648993
-1027.86601379863
-1804.77098943476
-2087.09712257163
295.505460351298
-2169.01722048083
1465.22296459449
1175.60009058158
317.945927192253
1057.08218930163
-96.9103128132482
-1825.72255812309
-116.130031419187
-668.049509686369
1275.03984200565
358.143139144687
423.489544107133
-364.514787199547
-884.253391313616
290.351693934270
-428.258318433185
1402.54400812437
-357.382848053872
-785.433886242694
-208.406968114878
1091.98702585491
-557.011485853376
-85.5151162939694
-1467.99461535736
132.085515484813
-373.140766565747
-438.977747564553
154.521719350377
37.0259035961611
7.42553129748578
3017.30595520458
1056.68249621137
1699.68014038819
1676.46946277950
-277.564399251178
-477.073704507165
-1659.25539256429
-965.344549441048
-275.882435302512
-82.2826944679123
335.179540453238
163.681710871951
-1183.49664814054
-320.462748325275
1748.16888701051
-292.897838871642
-913.596170815971
-245.715731832394
346.635703825942
-379.332016655885
-419.320150850349
-335.557083198367
1204.56549408945
854.556965701235
-744.962209818061
-740.771577503377
-1741.31865346525
1143.97139254152
-98.4142730007337
-233.941817161706
189.935848179863
-1298.56183560980
-917.602328114875
194.434162816170
-313.741684677845
-2059.97294449808
-767.249795690118
275.915188446052
1087.24590885977
98.6464111675812
155.587423019238
-473.544112451898
220.837693076456
555.273999599366
-899.093588941395
1069.23512971474
-1662.83915929741
-36.6081228555193
-223.366016434981
1667.44330606266
-305.635292193947
3262.26512477270
-265.745999324505
-712.149858666361
2355.33556799378
-9.23178388852010
-248.676444451517
156.099814038068
-1000.02269397624
-1461.24123470255
-639.895365001615
79.8399391725560
1160.29012626261
1230.72433478500
495.105345608610
1217.65401890788
2654.08719169737
666.378148242436
981.301201542098
-294.242189264491
1218.60498081441
-1127.31138480771
-324.365274314051
-856.905146824190
-554.103441198779
2018.45337616243
-197.404289361974
-420.752667202452
1052.69560148125
-309.110574693646
332.960042704497
566.846318225189
-865.720341786347
-348.600956330240
1948.97022996543
147.408139790157
925.447885511992
1297.76851579407
591.921775788896
135.714550360564
1304.66068601455
-1263.73009358950
1229.49605539462
-2119.50545152609
-1268.89781169980
-423.753830169667
-77.8033753195797
-1640.14317083908
793.724637571085
-68.6313020010928
-1099.91054841596
-1196.18702547325
-963.191197043102
-837.268714292761
-119.600902534468
-46.3458242007654
-584.215829877966
-77.3099808731965
-646.663580154762
186.878266984903
1573.87301770768
878.772170127090
-405.552362083242
155.228099229167
-153.327408605249
-423.835458370734
-308.997860356684
1131.69627623907
-543.653409815359
200.345338235330
630.834820789196
-1036.52816669637
-1514.89496014326
786.347949652485
397.831145521565
-531.805657097944
1149.97885807641
327.902349126936
-404.028534384466
-438.089765499993
-499.522213087705
-1097.73584698428
2767.21117009375
-2288.42675419681
283.520303689155
13.1998997095148
-1287.21151375895
-139.798223676928
401.355142297992
1044.29012330242
121.271415004232
594.675615047014
1776.60895614540
-102.734273463804
-571.396943115763
-1436.02510035388
864.746341904637
-506.966779025870
1443.60531783442
79.9289630538418
-128.765045416906
-561.670148224667
-513.311558766306
-1267.00529642677
612.210034612532
-416.970749527147
651.975322239012
-1698.77447160356
354.292855515029
-915.585078885617
-1571.40275678007
-230.432453615405
627.654894272342
1047.38667438202
1250.12180363401
-375.153626085202
-960.987672177875
3065.10744955855
-547.722902858923
-704.062771289715
484.794676412438
-1076.46822998011
-665.567948466632
-1531.82195882402
-194.877682914103
-1127.59375569437
397.574744299120
195.896421713161
-717.703345104064
-380.316233214083
-568.985754030085
175.773802103104
-653.739771699408
278.761720084452
-847.761137657864
595.974583133301
-160.565010702899
-2054.36357849471
197.565402130211
956.235098480028
1277.19098573118
236.091547100336
1492.16918670867
700.811611491582
2121.81339847209
272.569111723342
487.322571038591
443.376929272816
565.582909201489
840.873936335897
1075.88059047688
-985.096389134186
-1294.57544515883
1346.98109629718
975.790685197288
-844.835775698703
-44.4691127161075
1862.12630178395
-1156.07045758765
335.292848746649
-1385.59717699898
178.697205092643
313.754073845902
-178.212550154379
951.471897029605
-132.178144767319
1196.74900694886
1105.89338181599
-272.322609171308
266.081381463516
215.860927841119
975.734966339941
1254.41463011902
801.873930265987
32.0693627731209
-886.278768968428
-1285.36950633259
1109.11938915702
2009.69852817728
276.335245369834
-64.6352956347939
944.428373576395
-1682.58769475893
-256.371283073232
-2001.62801585200
433.454008905788
33.0280346321841
333.761212882200
-425.664812042234
-1867.48803391991
1001.64707919749
-652.624306973808
183.851489257016
958.378353903660
578.758189340359
-826.221523450091
-257.250338513374
-213.366531964944
998.422350939390
1294.74390250531
-1062.38426335315
-1016.44586927459
134.332417188140
1.69904675418694
205.052303728951
-1049.70574332407
-1342.46200368169
-76.5555869158413
1244.30491036297
638.304468855355
-116.195745372322
-382.019097984675
-1123.82447210426
906.286181415734
861.225107614364
-163.870425224345
391.737229114242
276.240187948314
933.728304922200
1650.56912619123
-1764.41102390115
-306.346534783071
-78.8392395306838
-1279.59588857774
-289.494376909204
818.153709965984
-758.691073536827
-2107.40977282182
-1021.53665374239
290.331492004795
-763.328555429752
952.905412549279
-558.391706116146
233.810221220417
-597.096302680127
635.575875636896
-1644.17675029956
1649.04499030992
-218.162959967040
-137.179726358365
-1429.66886419628
-0.468411929769678
-69.4244098535962
-1208.67250292329
599.647911577498
2020.44944910497
1195.81927293732
-62.2747314812005
560.584216835436
215.795388841736
422.785917228176
-2070.92960090809
-908.990474396076
-284.667646087009
636.909449300659
366.747273970799
-101.969465027870
-2166.81777535489
-1429.89793070428
1343.92022731626
138.327701647887
17.7328564280177
-338.308416579441
2915.48520592042
-686.841189655668
-142.317043817133
538.761807003772
1328.17660840530
-131.133674464316
969.992005925271
998.384255248425
262.616788773454
-1318.61534224243
806.143066714451
103.970233650355
1556.28126510130
-842.253186600545
-3.99775441928191
-505.624096415545
-1845.73031667651
-1053.18109943056
-1963.53709861247
1696.11992728231
241.849818461102
601.856803951049
205.884731219230
1122.32406060383
1518.77537373373
-407.171983937046
-967.239395652277
1107.69844711822
2252.11544919732
-221.096441834589
-762.342001023080
333.176507771342
-945.463498786727
-781.264202142289
677.003670603813
-221.455163132038
527.111362555925
-505.390037382313
585.789867272315
342.375329486978
517.832504699217
1175.43028828504
873.403114357517
-1545.90860324408
1826.93979720827
-1247.28832893627
-1770.01285962441
957.122458341393
-784.762004395133
-1901.51442293514
-45.4606424300608
1841.26128117168
895.482919577094
692.681746200656
-1072.87874339061
-810.326680798995
922.145299895419
1326.74818634504
1113.58281222786
555.135402480433
-1025.02902197543
-188.093699442510
1231.91743933164
1413.22260545324
401.614522090334
111.136912119631
348.509136839079
-471.438322182574
863.095724923737
232.600116536847
478.897504384313
-141.904928119743
327.124028165931
-612.962093893966
1621.55441933507
-272.067629411360
716.104345394150
-1946.77107824774
1004.95620096237
-359.826209299834
629.838250971456
-419.517530482431
691.973857188457
-526.602341795287
-423.902636257931
-960.556121009276
-1499.07291213020
432.318166838204
1115.78782295338
164.402046639160
-654.135922201690
-1144.19568353898
-975.253130674775
1787.98621934518
104.303325921391
-1079.54423624354
-1118.75512765938
-743.274724825022
-214.654566065923
2038.70498076685
46.6144042393087
-1246.14505164286
-725.289301048269
-985.928104318698
1356.97635650267
2030.90915882312
1559.14333872714
-340.174084857271
1223.06592885026
-39.8816031799237
-125.987596857398
-1084.14348933559
-243.628664448588
-777.844146339735
-228.385150461190
-634.077790270101
-331.991953040075
-1580.51571675260
536.417059426060
-1276.98079590273
341.622868016336
-620.489516623781
-843.464603617939
-1853.46129136503
-302.482641113840
917.885352645199
1681.28443577740
541.809731157793
-1269.88793584813
-215.147142327302
1104.20312765131
506.023861668644
-621.155010856729
230.531217647344
903.205543183911
-383.920362509110
-748.305947140237
-805.937591610856
516.714981914751
494.527102482237
-487.346488168797
-1515.16241666738
107.613495778249
-270.559232851667
78.7033199485486
1419.23315037988
299.996432461867
-835.800623989423
2140.70546255896
-676.833024910909
-496.777082506284
547.877126308017
-1373.11195748409
133.871589518187
-46.0344979454818
2056.19663494266
1245.09626506470
389.128357994263
-1093.69877677468
513.959495319665
-363.297937491152
-532.987011967362
-1866.27221416767
-2297.38194548108
340.236673464790
443.441239131021
-384.922496189703
627.946322193119
309.758176934477
-1393.55930911063
-1235.52169477563
1170.21219693641
451.044103184957
-325.253221062813
-1053.05171942292
251.506455946404
238.336338468710
-1859.38123712062
935.710172857765
53.7760251648183
327.054757574348
-1328.31850781421
1639.80869153917
828.488220942662
-833.491014749008
-211.606879451447
-623.688667299202
408.689513855267
799.574150148383
360.913827289708
465.484717867510
528.125881472557
-1088.26611539470
705.089963759127
-879.543038879538
607.544911671713
-1102.19839867563
1092.03434388872
412.271920446864
784.543824900692
-683.006001478114
776.737878177996
-760.575667806774
-381.151008324368
-278.762239322667
503.141679694122
1271.61115800911
-242.295382996183
-214.760915943587
300.139027297403
-680.993426302799
1446.73310065469
1046.24840992287
934.050219221289
-472.121870113413
-1592.58938375196
-873.025173317632
417.203467221689
-646.221233829053
302.416906971920
-683.199112270478
193.246105228601
-195.111019556664
385.211658448605
-1675.21702585401
1308.68524345379
-207.073903688809
375.756973167634
1850.49161614793
2.23195511291545
1137.59132829198
-336.640361406518
1017.33791520355
456.463820738404
-0.139642433551513
-293.139507567983
544.971219822305
-945.840986296116
-923.828458742357
971.562794264191
649.152622819827
558.575885162426
-398.259053853506
1.67646026472566
-1471.84493749425
-1313.97804520280
405.426900373213
-1082.19284423843
127.606078584015
-1567.30383610475
-455.593047736379
-947.865812142544
547.143850898886
0.196426629620607
263.124865712745
-1155.27376779565
-1197.57045008849
-1267.07208883151
1061.53940782132
593.667441976828
178.515488396034
-798.230041018028
-1085.07785606767
981.927719638249
487.367896048499
-1107.32520931137
1639.15612209321
-1773.50240192607
316.035140888785
665.407779652537
143.921199537380
-974.302114211093
243.804718766129
-221.367308079464
192.421609807266
-324.586084687959
504.148431399975
-511.091582235165
-1308.89469471932
900.005981159971
967.089866569443
829.508983273590
-1611.93955756249
432.171571283876
-1095.04874963874
883.422051558027
936.071919434806
1004.55983570840
1808.01978015665
-1436.49811866997
377.240777539686
1568.32568635302
22.0821801336804
17.5302227504318
-710.922121439312
1099.40970350884
256.061690086652
1201.98901004805
-1042.14956079071
-840.626662262656
32.2921759498743
183.906995536816
-958.647183097703
359.716157015960
-288.022327579478
1261.97901268231
45.4819828632195
253.357308927729
-904.807694106916
-1684.91697972813
-2334.50875209453
1999.30199422473
585.569859939588
1475.82509795466
-156.729454011239
-1571.73063674469
-1147.96188007074
-1191.83159414537
-2414.37131306625
675.489178602252
-961.448277192936
287.101788877370
135.081983523834
-677.625433495985
1259.02406482063
301.493579650600
-1541.07256254066
-97.2676339981440
286.579807220621
-511.950609721731
324.846883116784
1263.25010273014
433.612200488789
1093.52004091759
1911.27910708485
1653.04378450497
341.324962423285
1620.57601410356
-1546.23155990293
29.2891575071530
620.667712763767
330.404425210123
-281.800823663710
-2116.73278795760
26.5146387728682
-1259.81550251677
-628.379424667339
821.197085201431
-860.014361791142
833.086123519425
-778.229181529765
1936.43311297219
1037.86976263028
-1124.27850894884
730.886755468589
2259.65655471380
-2658.81664172873
-497.192254012165
-1290.40538491136
327.910326321052
869.205383741683
185.357549189318
-2.53387381229725
321.957088087063
-1073.86075710656
-1021.85256361758
766.533051025909
-549.999069117488
1498.27077178984
1004.81072026602
-969.164555852620
360.604729838964
716.177924117825
184.512165295504
-598.418987523543
1030.16646375888
3098.77507888430
60.8579251990753
511.827747121961
1607.21424587952
-466.573359139440
-859.908608895483
146.915243867890
-2180.90774721412
-859.646313544485
-914.423716163118
1008.07897505300
-522.685504989091
-912.639710581992
-522.694533025629
-565.725193346148
1218.73123390422
-369.450601878192
-988.363233627325
713.818217175627
389.963386418539
757.533257254846
-609.099455712805
-1375.79700035364
263.631972641357
-64.5259013380891
-62.2084216114237
-482.180792788988
344.987583839007
84.4868398919569
-192.046711997755
-368.011476070201
-2439.10913904868
1219.24286579545
751.871042063508
-68.4849646196812
2303.09773922252
1209.96688889347
-543.589991370321
-1600.04519561582
-1088.05936848591
-1163.30523433121
515.464492588521
73.8630767996856
1459.03398857532
-1200.49349266431
290.609066454898
194.137022375478
-417.650279136950
-1262.92347610439
1025.74430335282
2020.94674140954
875.211978171091
662.000626477655
-1217.54439583140
600.241169357206
1491.45291309865
866.900401325045
140.307874730312
-297.507918500837
575.522698387312
-1024.75556990833
-1401.12931589305
-1702.06975743941
-304.196502969545
-853.400603618194
1193.85152601155
-177.767901273771
823.267048477076
-2238.44428205436
-635.269208072791
-964.227384816283
792.852133209565
484.742803751411
2880.32531674191
1975.95769553833
1464.58701201005
-420.091181882621
-2722.06872931127
581.086584187194
-74.8633355020970
-293.690582872084
1684.96575633874
-3061.36788162899
-511.324301157467
-2081.55665892303
-1281.50395618500
398.361455100834
993.285724480322
-306.463388960058
-843.009599718996
1641.03848524903
458.229893438051
922.294549540092
1101.77764807916
1332.76094312587
2564.77782883066
744.202087152198
699.874786632150
361.058223367926
588.705145184253
-28.0149701721149
0.605293272172383
236.797526080715
-2283.58576857755
1201.77522842148
692.113595933101
305.749988327607
814.250374191230
-553.672603589265
-974.569944404931
594.975646620781
1146.11359283933
568.009239985532
-305.319563332825
-1533.67163360539
915.285519876454
581.431438981633
1355.98421275235
521.960645186073
-388.367255535117
471.678940516723
223.586657449315
-1429.58263008652
-401.240163020842
-635.806266721013
-519.047217008141
-277.811687081906
-941.311097103379
237.638407524206
323.752266790429
-429.619485532481
-419.363995374932
1855.11652349667
1399.47015976602
-1088.31421008162
599.426117804326
-484.494777112505
-386.288125127131
-755.905897148634
-1491.88765209161
1183.74023354455
-1937.04678472257
-129.611485234242
219.093382959753
-1665.23974650325
837.764908675887
188.788081548085
-187.727000211603
-521.670299492441
-302.235194540390
637.428815017157
-1888.92099203845
455.064843724450
-1438.32347680255
-113.247759149235
1107.82788313610
1032.05926240550
-897.020894577952
300.796944048258
-1284.22736684490
-77.0016559291247
1265.24042991834
-1869.57752111197
1737.01429879452
720.815189979394
-1333.14668516060
1774.20936000531
644.083476524538
896.679804505371
297.932378972195
-49.8256721413436
1158.32958278039
-1152.40060678405
-1713.10928154088
-203.006240874926
-51.3525140911093
-1006.47705587305
221.481438074346
693.152817993926
960.120126704769
1308.81185329528
-170.902042410302
-471.665083255277
-145.997436366911
-419.614411090287
-90.3722008061076
1013.00175826174
-93.5560201971262
-7.65072234639445
-1428.92183168642
-924.843048078736
1953.35299505206
-457.490942746727
-2251.50498174621
-249.496857315345
-1228.01839366863
-741.289132868836
451.539113926215
1398.62543891993
1179.89631031945
-1702.52586336248
1751.18942043320
-1666.30332657582
1716.41360331479
-895.754048771863
-256.894789782518
2682.75615732919
619.548801645023
1873.40730622687
265.502012918215
2441.84075658488
241.130945839677
-345.325338529463
-2138.50964792162
1327.93913454630
496.452749958412
-251.747073972469
1697.83095493312
1720.83380028909
-994.048308788389
-299.437965701714
-1313.31595133365
943.250507568598
-277.315638902542
346.569557112343
-454.389193599783
926.812444541044
241.369647679726
376.585800235168
1321.08731695763
-163.516488859247
-2269.40798997818
927.387361736839
465.755606827045
516.296599976472
533.475335688079
824.498831983654
1216.70996117197
105.037533565156
-691.949166080717
1284.24777731188
-440.818969137361
-906.223529672382
890.688704141107
986.720435598012
-496.250118473792
1106.06026520024
311.570306878573
1896.07228928978
7.63195115462125
-26.4372996599086
72.7626938481431
2214.38616253220
-481.992779970550
-235.083789115364
321.622006617306
494.314938754396
-1094.75280802519
-530.513522154715
-1615.63993009516
-789.834103414067
-155.042572336085
-567.414617649602
-2196.68570120059
-240.549505539705
-1175.14128474511
-1025.92315020770
22.8214450452566
-226.227709526153
-104.306587708474
155.161509339133
171.511138501488
-582.403731402860
1083.90260870200
1998.47195617539
-1297.48951583158
-1223.81958759377
-186.590784256991
-2158.28145494653
-570.372080276763
-2275.94692505802
-934.582674670522
-1313.19559308971
265.248667662406
-383.504861786589
344.142166025892
796.327213989967
931.256972245643
-1180.96501564960
1174.68183521253
-234.859900618565
1299.86552379013
1084.82736846208
-452.526435642180
1831.30740095160
1152.13846912819
288.670619671094
-426.358954559246
319.995394996951
1642.42738525185
-789.291757005951
-924.930521259778
349.001291222823
441.927199564666
794.570925379881
567.624653659647
-1019.57032647501
2163.56087497589
739.068814007666
399.366219434604
521.883074031998
560.534703390079
863.820095488194
599.463923095096
-452.361303267108
-810.057754720151
-1500.71063485592
-988.105626628168
-713.365907251284
1581.46464292045
952.720944486886
672.359833139137
1359.90415011117
875.925513632340
-404.887894745769
-1132.05853995725
631.472746554233
1603.12734334037
-1669.89676615996
-1019.57011556667
-1722.27226780531
-845.337888590765
-1100.32943970425
1671.53262565477
-708.457784121914
-969.003835996493
690.964703864374
1145.10092031427
-1259.46292434324
-729.997628160656
-654.624708612496
-401.227745562387
-111.290918271126
-198.121158111036
-84.4717509998631
208.742105770835
73.8450820287620
15.2170858249184
778.664814522423
-543.926935689163
209.834330874558
81.5388902056579
-1861.78105192901
304.388261546699
-632.655756209140
162.310229708002
-514.593356488612
1060.93675331277
-924.607854727076
-1009.52598427676
-601.443558382083
-430.602642474844
548.357532695551